5995249
13896384
19653171
21860328
29567668
204585
24240071
10349611
21022993
23178452
13014861
23196689
9697022
26034979
3351871
3023502
19572466
17921616
21350767
9701039
5713347
167933
2909669
27990729
19320231
13137403
29213908
26886398
18367922
6336619
14458700
11921756
2087856
7356478
13896920
18256851
23118041
7617792
20617014
13363211
18829822
18895775
23489890
200210
26603872
17366216
11684439
15257407
16581910
5123130
2127431
28899088
8364530
14712016
20093503
10759566
15301938
18589796
2579981
28633284
10491207
19128232
17312546
13336249
4277462
18709660
16576954
20773828
28881666
7303037
22189285
23207225
14615201
1764723
24088381
970614
24206218
6108908
20245979
4542682
17619209
19244879
29338071
1957665
19810667
25901496
7157725
24563453
9136803
16360120
20246417
17583985
27364719
4148134
23706548
21355146
11176596
10427663
5877704
19120697
12654172
9370530
23333405
16604299
13053837
22995639
4619835
15309732
7802574
6636236
2726671
16845360
3331623
3669571
19840036
16534023
21978393
885517
17544550
13366265
17172377
20992868
15302203
16115122
7309721
13032023
9910121
24652996
11883883
12395969
19664399
3551828
4517760
22724313
22915248
17376495
23763051
27768693
23633874
27231996
19106342
19688951
1193702
5214029
127443
3236664
21799854
29370916
319146
11003081
20645035
13564640
7185300
29494441
11975373
18840145
1470838
2320238
286970
27906544
9544372
29323545
23365245
22990305
25619247
18391997
24585369
5429849
18140094
28027214
26167778
27490593
20026884
25088188
7057721
25158975
15200968
19861256
8988839
2679470
5343227
20423934
4527731
13946690
2631594
22072619
7100444
11670173
8845183
7887173
12396053
27846889
28021148
29091369
23343131
25895958
5480239
3209040
1229875
8228660
13441862
14875245
25557801
29634686
4357448
24707981
10472104
23686102
23120291
16737460
20569119
12306981
14733485
7754120
23440176
3220519
7344360
1860676
6657567
15759873
9077371
2428171
11124489
21133527
18631657
20705860
26438537
17736216
16162494
22037061
2331820
16478613
24426072
2431126
20213444
8918842
29539373
18497764
2132654
19673922
11078529
19558413
8401625
5586176
28507342
7176320
4624789
18003383
13228811
2492465
12660764
26917796
27039178
25585757
1772243
21511924
14743654
20973302
12566633
1708523
29325924
18759848
12302707
28559626
20751860
27482767
23414704
6905120
16881282
15414604
17249976
10488452
21520788
22558831
4697550
10168020
21378272
28339388
16620696
16826087
5257541
3696965
11521410
26319726
24724550
2406577
15709913
15665292
25436667
12507979
26060561
23425854
1093710
22317904
17738220
11557486
24933165
25403832
26919077
26180556
18588653
28925126
9602037
8823659
13317569
22140492
21628175
19785845
9774446
22850811
22444672
5489748
14668519
6584200
24693483
16393557
8748604
26661399
24180949
23744876
3815608
29905629
15665303
23949917
3143546
23377015
5418561
13504609
21116727
14012152
8895923
7015472
21630923
15943529
15058054
24796673
6072122
26925279
2663786
16110154
24141350
20594051
2716428
29184025
15081073
10903549
28936299
9456956
26601168
113487
9612751
8380163
7826013
14085646
22247152
6889938
29221678
26701904
14102615
28052626
12478431
8156024
25766620
5225031
16290120
13985735
9305824
21344381
3131984
10103973
17821400
4041719
4039106
15413151
29772358
17327172
20802888
2575851
7941834
26485955
1517743
15862701
1559683
23946239
18659040
17266729
23640631
26917831
17147542
10921011
27825139
13700283
26483447
24840234
2160628
5847993
6669649
5664960
364213
23548176
1073988
20138191
17523572
13235635
13536112
22712362
12385612
26577215
28775559
12351955
13958327
24175602
17439876
19971116
12259312
17678385
4672255
5193829
1710357
5791260
23614050
18981144
18945507
6011921
29779325
27770796
6271117
2555522
15840848
12186702
14840320
23494515
15198173
11614498
13566526
15748769
28664858
13445314
11027764
19092637
10183427
6517500
18762467
3932729
9172209
7604813
21757892
19537557
28104332
28263508
13250059
18316887
26226387
24722342
4470642
9497264
17375703
27083260
22173183
12799427
21206290
7418409
1142788
12018360
29845209
9198470
22738342
3404982
3665817
20256828
18171107
9463558
5415833
9744257
29791151
22451962
20521309
4374732
19700873
9173818
11849413
27053177
26472709
12143125
19969462
10140298
27449385
15289023
21059883
24338584
21083743
8590596
7447682
3165290
7460610
26839846
27360684
3273888
13874476
18994619
7259894
19722614
28354378
1463060
13281722
17960106
10408442
22772390
14446571
16384468
25962109
24474450
2849186
3114760
12127086
28269971
28564437
20672704
27598720
18844945
3592040
16945945
16088190
11634367
6885772
25783078
17428753
20870676
1698063
4986552
13306715
14693078
1755423
20115595
10465630
6775730
8426910
3866718
14699982
1467931
8996311
18935341
28485052
21577844
6305151
3812489
320400
28891342
8062755
20132942
19509973
657043
9563874
14541223
26312580
14327651
705557
23869791
9740491
15268258
11054107
2494043
12523802
141754
7359287
23923133
13130727
27132814
29292166
19126399
5485821
25311656
9320738
20947507
14201133
29311540
28083339
13191532
27720444
13747783
19956344
13088729
11976165
13532818
1050388
29284678
28977740
9811235
24966265
2259396
3104030
17247252
15603352
24052800
25932621
2275910
25725171
27742504
19555564
22382595
19522079
7817005
3826571
23091239
27569469
11337622
25055363
7952013
2843921
26164389
11946454
1732055
10760033
4212645
15312556
2151705
350051
8658561
6990984
6523214
23468339
161454
9345109
4786822
23935308
10775487
12237435
19829399
21507792
4400428
12385002
23182367
25350560
10191536
26184872
29174837
11404986
9737644
9546964
9455066
16699591
4332582
21545616
5385249
23061011
29559040
10927776
3800767
26299179
26433184
13182856
12741054
9485653
21768447
18565631
23533034
10824882
10512615
16008206
20855541
17197118
25085941
318635
19890321
22421404
27283497
9049857
25564796
14990680
14628571
2365700
15743594
139529
21380251
475639
14510320
26700861
13711670
28707826
10041959
26741678
25598895
8357177
26811907
8606016
16893981
8374029
4045203
23912585
1134347
5970044
22448925
13058727
2035372
1831495
19695050
6906879
6061928
965070
29161363
4316674
11673036
7301569
1998210
24005183
12202359
1311023
13345953
15463703
15259096
3383868
21354154
20457988
12368911
7690040
26680876
7296355
22335343
7128145
28590047
27052549
14351533
3720748
3609572
9346817
16272173
29755444
9940481
22917504
19120156
5574736
9575720
21648652
12288882
20541602
27427123
28804409
11748825
22833718
9085621
14662750
17602657
6143310
19553032
16366199
24443214
28124386
23478382
6690758
19793628
2998096
10303618
16445793
15783596
6890030
27167041
2138016
11325292
1394529
5546411
503629
16931224
20394036
21428126
8448342
1258033
23724325
16148917
23833155
19343241
11327531
13491228
29776290
9090304
1162684
28765779
27226733
24861986
21448868
8437997
3975642
13730277
17981480
15325414
4955749
22300544
1868690
27611828
3263249
18781534
13320243
19022842
28064983
2140882
466105
3758019
17980953
709093
5784816
19261378
22687403
27083227
9397948
22606724
15563678
24309206
2022800
8470623
24216013
9405682
8322720
3999592
9694776
8229703
15298253
28134237
655923
24556995
18985788
482733
26891405
23601775
26265575
897602
16847517
21641637
19245045
6446332
1016933
23308235
16385426
22851078
5598118
20999087
5520918
9891371
18389484
21322600
14333129
24912632
6079023
25404718
5664491
7433189
17135066
14816548
11153671
17326158
9322935
17621804
24921595
25368124
13425882
26237326
11057979
22220540
6912700
27173395
27983260
1822925
25252675
27839399
7539632
18955041
25352356
16688324
20163372
11501975
14584363
17025857
27300597
4435044
19875781
25054241
23082579
20601790
12849495
1779112
26755765
10020898
3015607
366700
27129309
24411681
15199527
18342642
19292965
21868131
24747066
27920451
10974840
22278862
3294047
22725792
15260526
18660255
29160729
22658034
23095294
5919412
23413951
25909749
9684472
8393704
9565797
18515566
10614462
3835874
4603635
5601060
14441723
27581437
11908409
22360362
8597876
27510805
19293897
27324618
7670575
25666721
23027274
2042018
12175176
7913808
12567249
2541399
10950504
19588252
7882287
659302
14988098
26440511
17556159
7705954
28414525
1977622
17564330
967196
23433521
24296732
3113887
28722381
6026795
24480629
16571931
24370800
19882844
3653235
8164706
11088785
18570257
12737605
22581047
5740655
27941927
23715135
7439102
22956605
13546453
15303309
23952283
21207058
26078784
27357233
15955126
6457288
10084581
8958579
921564
18442572
27935715
15849987
9549997
28864606
9164232
17852592
18743675
15935546
26846232
21739793
6562685
29645382
7545119
28833525
4930545
21057488
9103683
20257439
15601068
14142022
15241487
7639069
9221952
2754558
17715032
13596311
4013743
2380912
10766571
21962675
